0.0048381
0.0049992
0.0051603
0.0053213
0.0055121
0.0060337
0.0065553
0.0070769
0.0076806
0.0087008
0.0097211
0.010741
0.011935
0.013656
0.015377
0.017098
0.019171
0.02196
0.024749
0.027539
0.031041
0.035564
0.040087
0.04461
0.05069
0.058369
0.066047
0.073726
0.08481
0.098404
0.112
0.12559
0.14629
0.17069
0.19508
0.21948
0.25763
0.30061
0.34358
0.38656
0.45415
0.52705
0.59995
0.67285
0.78647
0.90437
1.0223
1.1402
1.3206
1.5019
1.6831
1.8702
2.1353
2.4003
2.6654
2.9463
3.3156
3.6848
4.0541
4.4518
4.9428
5.4337
5.9246
6.4576
7.0814
7.7052
8.329
9.0063
9.7644
10.523
11.281
12.098
12.979
13.86
14.742
15.678
16.656
17.635
18.613
19.628
20.663
21.698
22.733
23.769
24.805
25.842
26.878
27.864
28.837
29.81
30.784
31.638
32.479
33.319
34.159
34.803
35.442
36.082
36.706
37.085
37.463
37.841
38.177
38.252
38.327
38.401
38.405
38.155
37.905
37.655
37.309
36.74
36.171
35.602
34.923
34.068
33.213
32.357
31.396
30.313
29.23
28.146
26.982
25.751
24.52
23.289
22.023
20.737
19.451
18.165
16.909
15.665
14.422
13.178
12.04
10.93
9.8199
8.7097
7.7836
6.8829
5.9822
5.0815
4.4326
3.7939
3.1552
2.5289
2.176
1.8231
1.4702
1.1524
1.0785
1.0046
0.93076
0.90751
1.0771
1.2467
1.4163
1.6394
1.9933
2.3471
2.701
3.0956
3.5588
4.022
4.4852
4.9613
5.4528
5.9444
6.436
6.9014
7.3442
7.787
8.2298
8.6029
8.9331
9.2633
9.5935
9.8143
9.9884
10.163
10.337
10.374
10.373
10.372
10.372
10.225
10.056
9.8874
9.7185
9.4178
9.1098
8.8019
8.4912
8.0917
7.6922
7.2928
6.8894
6.455
6.0206
5.5862
5.1564
4.7456
4.3347
3.9238
3.5337
3.1978
2.8618
2.5258
2.2303
2.007
1.7836
1.5602
1.3952
1.3038
1.2124
1.121
1.0984
1.1384
1.1783
1.2182
1.326
1.4778
1.6296
1.7814
1.9866
2.216
2.4453
2.6747
2.9303
3.1937
3.4571
3.7205
3.974
4.2259
4.4777
4.7295
4.9321
5.1312
5.3304
5.5281
5.6439
5.7597
5.8755
5.9813
5.9974
6.0134
6.0295
6.0274
5.9432
5.8591
5.7749
5.6683
5.4988
5.3293
5.1598
4.97
4.7419
4.5137
4.2856
4.047
3.7943
3.5416
3.2889
3.042
2.8008
2.5595
2.3182
2.1028
1.9051
1.7073
1.5096
1.3573
1.2268
1.0964
0.96588
0.89551
0.84437
0.79322
0.74207
0.75696
0.78443
0.8119
0.83936
0.92761
1.021
1.1144
1.2079
1.345
1.4822
1.6193
1.7578
1.9112
2.0646
2.218
2.3694
2.5106
2.6518
2.793
2.9249
3.0292
3.1334
3.2377
3.3238
3.3736
3.4235
3.4733
3.4973
3.4849
3.4725
3.4601
3.4181
3.3462
3.2743
3.2024
3.103
2.9837
2.8644
2.745
2.607
2.4595
2.3119
2.1644
2.013
1.8602
1.7075
1.5548
1.4165
1.2814
1.1462
1.011
0.90918
0.81068
0.71219
0.61369
0.56393
0.51459
0.46525
0.41984
0.42381
0.42778
0.43175
0.44335
0.49617
0.54899
0.60181
0.6634
0.75303
0.84266
0.9323
1.0282
1.1373
1.2463
1.3554
1.4644
1.5732
1.6821
1.7909
1.8905
1.9801
2.0698
2.1595
2.2298
2.2853
2.3408
2.3963
2.4237
2.4359
2.4482
2.4605
2.4399
2.4072
2.3745
2.3418
2.277
2.2048
2.1326
2.0604
1.9631
1.8628
1.7626
1.6624
1.55
1.4374
1.3247
1.2123
1.1042
0.9961
0.88798
0.78275
0.69485
0.60695
0.51904
0.43839
0.38264
0.3269
0.27115
0.2273
0.21023
0.19315
0.17607
0.17416
0.19599
0.21782
0.23964
0.2771
0.33202
0.38695
0.44188
0.50921
0.58652
0.66383
0.74114
0.82395
0.90988
0.99582
1.0818
1.1634
1.2434
1.3234
1.4035
1.4683
1.5294
1.5905
1.6515
1.6874
1.72
1.7526
1.7852
1.7857
1.7851
1.7844
1.7822
1.749
1.7158
1.6825
1.6458
1.5856
1.5255
1.4653
1.4015
1.324
1.2465
1.1691
1.09
1.0072
0.9243
0.84143
0.76115
0.68515
0.60915
0.53315
0.46523
0.40683
0.34843
0.29003
0.24525
0.21201
0.17877
0.14553
0.1301
0.12543
0.12075
0.11608
0.13078
0.15354
0.1763
0.19907
0.2393
0.28422
0.32914
0.37406
0.43093
0.48958
0.54822
0.60687
0.66888
0.73105
0.79322
0.85516
0.91064
0.96611
1.0216
1.0752
1.1152
1.1552
1.1951
1.2308
1.2493
1.2678
1.2864
1.2981
1.2927
1.2873
1.2819
1.2683
1.2403
1.2123
1.1844
1.1485
1.1027
1.057
1.0113
0.95997
0.90374
0.84752
0.79129
0.73391
0.67578
0.61766
0.55953
0.506
0.4545
0.403
0.3515
0.31066
0.27291
0.23515
0.1974
0.1755
0.15624
0.13697
0.11771
0.11741
0.11833
0.11924
0.12057
0.14023
0.15988
0.17953
0.20069
0.23484
0.26898
0.30313
0.33881
0.38117
0.42354
0.46591
0.50855
0.5519
0.59526
0.63862
0.67985
0.71713
0.75442
0.7917
0.82382
0.84918
0.87454
0.89991
0.9172
0.92691
0.93663
0.94634
0.94598
0.93885
0.93171
0.92458
0.90698
0.88447
0.86195
0.83943
0.80803
0.77384
0.73966
0.70548
0.66599
0.62553
0.58507
0.5446
0.504
0.46338
0.42276
0.3822
0.3473
0.31241
0.27752
0.24359
0.21921
0.19484
0.17047
0.14844
0.13757
0.1267
0.11583
0.10862
0.11207
0.11551
0.11896
0.12677
0.14314
0.1595
0.17586
0.19625
0.22221
0.24816
0.27412
0.30256
0.33346
0.36436
0.39527
0.42601
0.45665
0.48729
0.51792
0.54506
0.57045
0.59584
0.62123
0.63972
0.6559
0.67208
0.68826
0.69476
0.69931
0.70386
0.7084
0.70184
0.69423
0.68662
0.67901
0.66063
0.64221
0.62378
0.60474
0.57848
0.55222
0.52595
0.49908
0.46905
0.43902
0.40898
0.37913
0.34983
0.32052
0.29122
0.26354
0.23923
0.21491
0.19059
0.16967
0.15367
0.13768
0.12168
0.11072
0.10499
0.099262
0.093535
0.093861
0.098717
0.10357
0.10843
0.11934
0.13345
0.14755
0.16166
0.18059
0.20125
0.22191
0.24257
0.26562
0.28921
0.31279
0.33637
0.35901
0.38155
0.40409
0.42663
0.44454
0.46238
0.48021
0.49755
0.50784
0.51813
0.52842
0.53737
0.53855
0.53974
0.54093
0.53999
0.53194
0.52389
0.51584
0.50533
0.48939
0.47345
0.45751
0.43944
0.41813
0.39681
0.3755
0.35319
0.32978
0.30638
0.28297
0.26037
0.23839
0.21642
0.19445
0.17546
0.15813
0.14081
0.12348
0.11125
0.10097
0.090683
0.080399
0.076791
0.074792
0.072794
0.070796
0.076071
0.082265
0.088459
0.094653
0.10748
0.1205
0.13353
0.14679
0.16425
0.18171
0.19917
0.21682
0.23568
0.25455
0.27341
0.29189
0.30899
0.32609
0.34319
0.35892
0.37144
0.38396
0.39648
0.40648
0.41239
0.41831
0.42423
0.42665
0.42504
0.42343
0.42182
0.41626
0.4074
0.39855
0.3897
0.37719
0.36254
0.34788
0.33322
0.31607
0.2979
0.27974
0.26157
0.24287
0.22403
0.20519
0.18635
0.16942
0.15277
0.13611
0.11946
0.10724
0.095224
0.083207
0.071439
0.065725
0.060012
0.054299
0.049429
0.05064
0.051852
0.053063
0.055588
0.063237
0.070886
0.078535
0.087595
0.10017
0.11275
0.12533
0.13889
0.15414
0.16939
0.18464
0.19991
0.2152
0.23049
0.24578
0.25971
0.27247
0.28522
0.29797
0.30786
0.31595
0.32405
0.33214
0.33607
0.3382
0.34032
0.34245
0.33966
0.33548
0.3313
0.32712
0.31811
0.30833
0.29855
0.28877
0.27518
0.26136
0.24755
0.23369
0.21805
0.20241
0.18677
0.1712
0.15618
0.14116
0.12615
0.11169
0.099586
0.087486
0.075386
0.06457
0.057167
0.049765
0.042362
0.036979
0.035256
0.033532
0.031809
0.032591
0.036591
0.04059
0.04459
0.051107
0.059948
0.068789
0.07763
0.088394
0.10043
0.11246
0.1245
0.13726
0.15036
0.16347
0.17657
0.18876
0.20068
0.2126
0.22451
0.23371
0.24243
0.25115
0.25987
0.26427
0.26835
0.27243
0.27643
0.27521
0.27399
0.27277
0.27106
0.26477
0.25848
0.25218
0.24517
0.23484
0.22452
0.21419
0.20325
0.19058
0.17791
0.16523
0.15245
0.13946
0.12647
0.11347
0.10121
0.089942
0.07867
0.067398
0.057867
0.050029
0.04219
0.034352
0.029195
0.025906
0.022617
0.019328
0.019328
0.020936
0.022544
0.024152
0.029105
0.03515
0.041195
0.04724
0.056012
0.065318
0.074624
0.083929
0.094687
0.10557
0.11646
0.12735
0.13791
0.14848
0.15904
0.16943
0.17786
0.1863
0.19474
0.20259
0.20749
0.21239
0.21729
0.22112
0.22168
0.22225
0.22281
0.22192
0.21808
0.21424
0.2104
0.20502
0.19744
0.18986
0.18228
0.17348
0.16342
0.15335
0.14329
0.13275
0.12185
0.11095
0.10006
0.089751
0.079753
0.069756
0.059758
0.051581
0.044041
0.036501
0.028962
0.024359
0.020387
0.016415
0.012443
0.012154
0.01225
0.012346
0.012443
0.016377
0.020359
0.024341
0.028538
0.035588
0.042639
0.04969
0.057009
0.065827
0.074645
0.083463
0.092329
0.10135
0.11038
0.1194
0.12799
0.13567
0.14334
0.15102
0.15764
0.16267
0.1677
0.17273
0.17609
0.17766
0.17922
0.18078
0.18026
0.17813
0.17599
0.17386
0.16959
0.16415
0.1587
0.15326
0.14608
0.13826
0.13043
0.1226
0.11389
0.10498
0.096065
0.087151
0.078555
0.069997
0.061439
0.052882
